# ID index
65    4
65    4
65    4
65    4
65    4
65    4
65    4
76    1
76    1
76    1
76    1
76    1
76    1
76    1
79    1
79    1
79    1
79    1
79    1
79    1
79    1
80    1
80    1
80    1
80    1
80    1
80    1
80    1
91    1
91    1
91    1
91    1
91    1
91    1
91    1
104    1
104    1
104    1
104    1
104    1
104    1
104    1
113    1
113    1
113    1
113    1
113    1
113    1
113    1
125    1
125    1
125    1
125    1
125    1
125    1
125    1
129    1
129    1
129    1
129    1
129    1
129    1
129    1

